function [lb,ub] = heatExchangerNetworkDesignOptimization2
    lb = [10000.0 10000.0 10000.0 0.0  0.0 0.0 100.0 100.0 100.0 100.0];
    ub = [81.9*10^4 113.1*10000 205*10000 5.074*10^(-2) 5.074*10^(-2) 5.074*10^(-2) 200 300 300 300 400];
end

