function [lb,ub] = heatExchangerNetworkDesignAyarlar

    lb = [0.0 0.0 0.0 0.0 1000.0 0.0 100.0 100.0 100.0];
    ub = [10.0 200.0 100.0 200.0 2000000.0 600.0 600.0 600.0 900.0];

end

